{
  "images": [
    {
      "imagefile": "0000.png",
      "M3x4": [
        [
          1,
          0,
          0,
          0
        ],
        [
          0,
          1,
          0,
          0
        ],
        [
          0,
          0,
          1,
          0
        ]
      ]
    },
    {
      "imagefile": "0001.png",
      "M3x4": [
        [
          1,
          0,
          0,
          -0.2
        ],
        [
          0,
          1,
          0,
          0
        ],
        [
          0,
          0,
          1,
          0
        ]
      ]
    },
    {
      "imagefile": "0002.png",
      "M3x4": [
        [
          1,
          0,
          0,
          -0.4
        ],
        [
          0,
          1,
          0,
          0
        ],
        [
          0,
          0,
          1,
          0
        ]
      ]
    },
    {
      "imagefile": "0003.png",
      "M3x4": [
        [
          1,
          0,
          0,
          -0.6
        ],
        [
          0,
          1,
          0,
          0
        ],
        [
          0,
          0,
          1,
          0
        ]
      ]
    },
    {
      "imagefile": "0004.png",
      "M3x4": [
        [
          1,
          0,
          0,
          -0.8
        ],
        [
          0,
          1,
          0,
          0
        ],
        [
          0,
          0,
          1,
          0
        ]
      ]
    },
    {
      "imagefile": "0005.png",
      "M3x4": [
        [
          1,
          0,
          0,
          -1.0
        ],
        [
          0,
          1,
          0,
          0
        ],
        [
          0,
          0,
          1,
          0
        ]
      ]
    },
    {
      "imagefile": "0006.png",
      "M3x4": [
        [
          1,
          0,
          0,
          -1.2
        ],
        [
          0,
          1,
          0,
          0
        ],
        [
          0,
          0,
          1,
          0
        ]
      ]
    },
    {
      "imagefile": "0007.png",
      "M3x4": [
        [
          1,
          0,
          0,
          -1.4
        ],
        [
          0,
          1,
          0,
          0
        ],
        [
          0,
          0,
          1,
          0
        ]
      ]
    },
    {
      "imagefile": "0008.png",
      "M3x4": [
        [
          1,
          0,
          0,
          -1.6
        ],
        [
          0,
          1,
          0,
          0
        ],
        [
          0,
          0,
          1,
          0
        ]
      ]
    },
    {
      "imagefile": "0009.png",
      "M3x4": [
        [
          1,
          0,
          0,
          -1.8
        ],
        [
          0,
          1,
          0,
          0
        ],
        [
          0,
          0,
          1,
          0
        ]
      ]
    },
    {
      "imagefile": "0010.png",
      "M3x4": [
        [
          1,
          0,
          0,
          -2.0
        ],
        [
          0,
          1,
          0,
          0
        ],
        [
          0,
          0,
          1,
          0
        ]
      ]
    },
    {
      "imagefile": "0011.png",
      "M3x4": [
        [
          0.9659258723258972,
          0.0,
          -0.2588190734386444,
          0.0
        ],
        [
          0.0,
          1.0,
          0.0,
          0.0
        ],
        [
          0.2588190734386444,
          0.0,
          0.9659258723258972,
          0.0
        ]
      ]
    },
    {
      "imagefile": "0012.png",
      "M3x4": [
        [
          0.9659258723258972,
          -0.0,
          -0.2588190734386444,
          -0.0
        ],
        [
          -0.0,
          1.0,
          -0.0,
          1.0
        ],
        [
          0.2588190734386444,
          -0.0,
          0.9659258723258972,
          -0.0
        ]
      ]
    },
    {
      "imagefile": "0013.png",
      "M3x4": [
        [
          1.0000,
          -0.0000,
          0.0000,
          -1.0000
        ],
        [
          -0.0000,
          0.9659,
          -0.2588,
          0.9659
        ],
        [
          0.0000,
          0.2588,
          0.9659,
          0.2588
        ]
      ]
    },
    {
      "imagefile": "0014.png",
      "M3x4": [
        [
          1.0000,
          -0.0000,
          0.0000,
          -1.0000
        ],
        [
          -0.0000,
          0.9659,
          0.2588,
          -0.7071
        ],
        [
          0.0000,
          -0.2588,
          0.9659,
          1.2247
        ]
      ]
    },
    {
      "imagefile": "0015.png",
      "M3x4": [
        [
          1,
          0,
          0,
          -1
        ],
        [
          0,
          1,
          0,
          -1
        ],
        [
          0,
          0,
          1,
          1
        ]
      ]
    },
    {
      "imagefile": "0016.png",
      "M3x4": [
        [
          0.4999999701976776,
          -0.866025447845459,
          0.0,
          0.0
        ],
        [
          0.866025447845459,
          0.4999999701976776,
          0,
          0
        ],
        [
          0,
          0,
          1.0,
          0
        ],
        [
          0,
          0,
          0,
          1
        ]
      ]
    }
  ]
}